33 6428 8561 9194 159 4794 7698 9273 605 2838 117 9393 4457 8206 8013 9842 7432 5661 9250 5075 7099 5956 4623 8034 9345 3217 3617 3980 699 1580 9045 4512 8443 7364
35 45 4049 3877 8404 6931 1442 1448 5796 236 80 2541 4025 3784 5514 9412 6224 527 6187 6399 7587 3672 6851 884 7823 4086 5179 8735 8357 8428 8811 1374 2248 5787 3349 519
28 9475 1187 5130 7183 9378 7790 4165 5637 7296 2728 4194 2230 3131 1489 1952 1046 5546 4555 6724 1043 2742 5933 1628 2282 4369 2505 3120 7460
32 6198 6021 275 498 2940 3907 6753 7408 3489 1620 1269 5597 9993 2859 3759 8436 4139 2653 6905 6792 9946 7366 7874 5576 2079 983 9134 8236 6240 3080 2518 592
32 8103 2414 1817 1595 3471 6382 8204 167 9585 793 8627 290 9917 1395 6449 1920 8094 4199 1382 461 5357 6571 1157 8354 5011 8393 8935 9041 4735 6960 5930 9154
33 6599 7760 3756 27 5136 2858 5598 6027 1898 8920 1485 4864 1548 7958 2998 8666 9458 8255 4637 7757 5040 762 5495 7003 8817 7051 5656 1843 9514 5677 9679 9991 8307
29 156 7313 6227 816 450 5829 795 9955 1009 541 9798 7614 2763 3975 6996 5426 4335 7499 6249 9807 3365 8280 7567 1297 5660 2990 5491 8539 2480
37 6440 8644 1938 5524 5160 2156 4501 523 1816 8083 4084 1681 2101 956 5369 5429 4431 6927 8294 2818 6388 382 4351 4240 8571 4899 3789 410 8014 6241 4012 8810 4479 8987 9113 8387 3642
25 1566 2996 9727 5903 2293 3764 5102 3847 9864 7869 3379 8231 8826 9381 9935 2300 7795 6334 1941 4016 8806 1546 5275 5280 9404
30 8450 6982 474 8730 3027 7694 4777 289 2782 8517 6711 6171 9704 3453 1097 8489 9630 1578 72 6987 1432 1208 2336 1633 6797 3588 3993 5256 2481 4771
35 6261 8299 4107 4796 5492 3643 3264 931 7668 996 3192 266 7629 1118 1516 5169 4284 2923 3585 8901 4113 7912 6725 1450 6232 5697 9926 6158 8075 8188 1878 978 6667 341 969
29 4467 4469 3782 4870 4200 6556 9329 3871 5177 4545 2707 7473 8347 5137 3700 5443 8373 6376 7500 588 744 8827 1273 3613 5946 1765 287 1665 7153
27 2822 8039 5008 656 9632 8613 163 7464 3669 8897 2266 4325 2799 2178 5108 58 9196 7081 268 935 1251 9602 8219 2959 1105 1350 977
27 5876 8372 8669 330 8513 4917 6444 5022 4273 9437 7812 301 7884 2171 6220 3571 1645 9597 3000 5762 1646 5305 5819 480 1607 5635 277
31 9151 9814 9662 5934 3501 3694 4560 5671 3151 1871 2735 3290 1280 4583 2657 1482 3463 8401 4706 9511 7710 1284 1200 1979 6290 3224 5391 7156 2143 8631 2338
33 9738 3968 7229 7708 6754 7442 684 5693 7872 5274 9870 8358 1000 4402 7973 1137 5662 4614 7630 3013 4035 6853 8997 2515 9493 9036 1731 374 516 9586 9731 9018 9558
27 1134 5801 3693 7014 2169 663 627 3242 3281 9533 3130 4334 6997 4428 7989 1662 7199 5978 4051 2344 8473 6608 1953 2383 9025 8959 3808
30 8033 2711 2381 8565 5345 2506 2141 1677 4452 9308 5687 7352 1698 6253 4276 8051 3837 6518 307 1806 8312 9105 7920 9305 8326 1686 5725 390 1399 7348
28 2234 6791 3929 8080 7120 6003 3291 6966 43 7675 2937 6515 5440 4443 9179 4226 9707 4970 5573 4572 761 3475 6165 9379 9903 4222 1385 5284
28 835 804 5613 3534 2736 9621 1390 5714 704 3619 4083 1064 2457 6183 140 7388 7276 3641 2128 742 1949 3673 9496 942 8117 8880 2925 2107
29 9670 5645 2648 688 9498 687 4996 8733 6374 2253 1123 7773 1411 6069 3846 6018 2463 1892 5758 335 3552 7635 847 7193 284 8838 8081 6737 7414
37 1959 3581 8121 5557 2836 9079 5826 8634 2673 8718 7483 3167 1096 21 6138 5096 9871 8248 8915 8348 3458 6930 9070 2625 5572 9985 8656 1513 1528 6066 2483 3752 44 105 9244 769 2668
23 1179 9594 9692 6785 8678 9120 7910 8958 1532 3925 2116 5073 3344 8158 6476 8674 1729 6067 1318 6308 7951 5374 503
33 2995 1660 8502 9764 8961 7487 1704 4824 3292 2770 1770 4358 6919 5403 1899 1166 5811 7007 8142 3888 7236 6938 6132 8863 5518 1811 6103 3351 652 9505 3366 7474 2952
29 7678 3288 3628 6597 7636 7161 7381 232 8281 4734 4521 3835 8296 8020 4943 8223 3470 4836 8537 6469 7627 6071 2284 7618 9353 4580 8771 1559 9204
27 187 8085 23 554 1862 5910 1515 5125 8873 841 8794 3892 7785 1701 3441 3026 1536 3113 7023 5923 3230 8962 6260 7731 8619 4419 1637
34 3039 3562 9360 6557 6154 1247 416 5377 273 9391 7086 1865 7866 3544 1610 2183 4435 7766 5281 3686 3251 1706 9047 649 5246 3600 7797 5414 7665 5017 218 1509 9869 1298
32 5266 7382 839 5917 2933 6407 6876 173 3854 4736 3105 5550 6378 7949 1774 7681 5790 985 8119 4399 1733 4007 9298 542 3578 2177 2065 5527 6988 4698 8240 5033
31 9053 1599 811 8177 3903 9385 1025 7239 3079 3984 4885 5508 6918 872 4266 1847 5132 2615 6338 7615 2327 4654 9085 562 9402 8690 3208 8247 3979 7537 6441
29 2734 9054 1824 5097 5984 6935 1124 8663 1804 209 7105 1349 2826 4696 2354 3132 4855 5737 2315 5422 2596 8856 506 3478 7683 891 9398 3697 9255
32 2717 4581 7337 9447 7787 1751 4327 4697 1133 7800 8463 3427 2064 8628 1214 858 6024 6337 2500 1726 2581 7999 8866 1565 4725 7182 4210 2559 2844 8682 824 7162
33 2603 1788 1492 9243 9257 9470 1499 3620 7715 8681 6634 2331 9270 2835 7863 394 8390 3269 3152 4258 8498 4103 3162 3666 9386 6934 1982 5234 6077 8164 9580 7820 5211
32 7849 482 8366 6046 7449 7109 5348 7299 9350 9059 8912 7522 997 6213 8842 1517 2185 4676 6384 1169 1950 1623 6839 867 5180 4319 1718 2250 5196 9003 1397 7887
29 2150 3384 1573 8481 2963 9150 4573 745 7927 943 7664 4062 7082 4689 7312 7953 2445 7676 2402 9897 5807 3874 4558 7339 4270 8555 717 1428 3444
36 2921 3198 3496 4803 3855 5082 7185 7359 6971 9324 3304 6329 2654 6263 3825 3635 7663 270 4072 1616 183 9683 3376 7881 6288 342 1026 4536 137 9301 7998 9023 6633 6542 9941 5987
33 9058 3075 7132 2198 8399 4318 3396 4910 8381 308 4174 4110 2802 7076 8661 6508 5015 5606 3129 7570 599 3142 3915 9048 50 8576 3459 7544 638 2737 8932 1868 4131
33 6430 4574 6897 2202 534 7402 4068 9128 9286 9175 5020 5797 9803 1299 2176 1228 4375 1642 2683 920 6453 3599 2806 7640 827 139 4336 9074 9082 8376 2105 8290 4331
31 1434 3265 5608 3302 1835 8438 1964 7625 4252 4703 2433 4341 1089 8988 2590 636 6367 9334 5026 5617 4405 1478 8388 732 4608 4020 1939 5650 7934 1345 2504
31 7318 724 9718 7115 2482 3696 5783 5166 5580 6994 2194 7835 9090 5279 4565 1544 57 254 6802 6315 3088 9896 7504 9472 6281 195 1877 426 3664 1875 2296
28 2870 1377 8948 8027 82 2018 8442 4356 4640 4542 9910 9007 2121 8807 245 7126 2631 834 801 6685 4206 7454 5624 1874 2709 3083 9188 8670
30 3448 3860 2803 6200 6231 598 4018 2439 2238 5296 4724 9149 8677 5064 7928 8824 3622 475 9469 2227 3754 1605 3593 3676 1005 4905 8195 5780 7362 3071
28 2368 929 7216 9756 432 4788 8673 5772 204 8224 8505 8512 9672 6716 337 3684 4149 2425 8271 9944 469 5141 3483 7101 1682 5950 5928 3107
28 2635 8579 9561 626 1818 3598 4480 4926 5713 6618 4487 3500 431 2474 3879 6044 7044 8534 2411 7732 2449 9369 3838 4320 5937 1295 6404 4956
30 2922 5147 3235 1531 7867 979 4639 8454 7592 9254 9482 1436 777 3828 8341 8283 2226 101 1973 2133 5498 5778 3999 4242 821 2427 9124 1333 5897 8194
30 5371 9440 4474 2554 6563 7769 3757 3443 3573 2450 5146 8603 6185 6672 4376 5219 6502 6166 8175 8226 2700 438 7302 8079 7512 6248 3157 5032 8941 9330
31 5959 625 7695 2037 4386 443 8727 8848 6553 8476 3743 2050 4952 7941 5839 7557 9823 9734 7206 7133 3485 4770 2035 6047 4755 2566 7073 8045 7858 3202 5690
30 6056 9696 1130 7922 6113 5896 1203 1593 7896 3934 7671 8593 718 4519 7525 1695 6749 4167 2125 1673 6104 8313 9005 6196 9691 6273 9069 41 2902 3870
29 2584 8698 6488 5973 6509 7116 2168 3731 9439 2233 6715 3553 5451 5330 7058 7196 5056 3244 7814 7266 6723 2856 7505 9582 2345 2119 2456 5836 9478
30 2758 7566 6879 7581 1059 4628 4948 1592 2574 5659 4833 3484 9703 6178 9043 2845 1567 6353 9534 6083 549 6645 2377 9004 7457 4872 5092 8270 4556 5204
28 5254 773 8710 1590 1210 7667 9831 7441 1167 7202 400 5036 9655 2165 2464 7853 5746 5627 1581 5164 9373 160 5709 1538 2537 8978 7718 7527
28 3183 2091 4632 5846 1926 3391 4495 3420 9310 3715 8728 1971 5578 4720 5874 2560 9295 9730 8822 2081 7904 6455 5158 6181 4532 3161 7921 496
30 6975 1348 1285 8778 3275 3049 7691 7412 4387 8528 6567 4726 4374 9855 2017 2686 1294 1392 6306 324 9611 4308 6144 4999 7413 573 2999 4257 9786 4747
35 9822 2146 2191 3104 7251 5128 5868 1076 8320 5157 3100 2562 6824 9035 5768 6085 2576 4128 2077 369 9564 5239 2602 5338 2733 1041 5380 9291 7164 5430 9573 4605 1990 8385 3399
27 4891 5955 7539 9075 3698 2535 949 6580 5218 5163 4575 2097 4064 567 3778 9177 5827 5989 7103 7168 6605 2875 6981 3940 368 1672 6942
28 9191 9960 8364 7648 1715 6016 2279 6616 6419 4247 5028 1256 9728 9309 231 7069 7591 913 1617 8411 898 4326 2691 2834 3168 2306 2786 4916
24 2139 698 1809 1398 6516 8462 2748 9954 9442 5068 5533 4100 387 7809 1856 1488 3928 1058 3924 8836 8100 5285 119 3810
31 3636 4759 3972 5134 429 5251 4673 883 8581 789 1158 3817 798 2408 5417 4723 9959 7167 6282 6323 7626 297 3885 2665 3115 5221 2328 3173 3059 2678 9604
28 8725 2517 3492 1191 4568 4214 961 7742 4784 6421 2992 8417 2313 7661 648 7560 861 7012 938 1161 8671 6346 5449 5665 4360 3041 4548 8114
35 2446 6330 8207 528 7871 7516 7723 2840 5619 2410 1420 1777 3215 833 5793 9575 1867 115 7612 4602 2369 6743 4693 1780 1649 5143 6694 2340 8058 5593 6821 4422 7294 7917 3082
27 3353 5325 5967 1422 2144 3997 4758 7062 6574 5480 5000 9303 3629 533 514 9528 4187 7398 1230 2222 267 6602 857 7281 3936 5633 3279
28 389 4922 9213 6152 7096 5865 2186 7621 4298 5700 9921 7000 6814 4547 5265 9712 5695 4934 1231 6004 1455 2987 2812 7152 6495 7631 518 3531
33 5482 3210 3247 61 1275 7986 1795 2167 1198 6036 5496 1647 9127 116 2682 7623 8882 96 5531 6045 1366 6528 9142 7420 9132 8275 7897 9022 7463 8218 3931 1864 5738
31 3187 7642 286 8432 8797 8540 4834 4942 5079 4874 6872 1039 9908 6145 6646 1401 6448 9553 3539 279 2871 1561 9519 3977 7154 730 9579 2544 3062 7422 511
29 4611 9038 4338 8143 9052 3744 5682 8076 8974 4460 4290 609 6735 9501 559 3677 775 5590 5098 6691 8071 6733 6 2095 1937 5507 2781 3570 7456
34 8172 3704 9538 3911 928 5148 5307 6341 9583 1767 194 5235 9056 4782 5329 6585 5974 4925 2220 1451 6653 2432 3884 326 7373 3342 3413 8719 6583 8706 6713 6201 6159 9841
25 3060 8152 726 6234 3331 9974 1095 91 1151 2142 4958 5238 7767 7554 1761 7184 9427 9776 3372 6031 6501 1786 2008 1697 4965
29 820 1831 3833 6640 5113 4896 3702 8754 3587 2846 6033 1493 8967 8844 3893 1146 492 2333 2272 3077 8173 5932 607 9924 5386 9474 9643 7134 4087
35 8598 4830 8896 3179 2241 5115 5696 5999 9915 2920 5424 8349 5510 6584 4363 9720 353 4316 986 5817 3896 1057 2290 7181 481 3773 4982 9744 5558 2302 1181 181 3226 8784 2155
32 719 6956 5535 7448 3659 2755 4181 2334 1012 2303 5133 3546 6581 7043 6624 6841 9276 4244 424 8947 9234 7913 1658 4613 3438 9020 5936 6013 2616 3381 6164 2994
32 3190 377 5041 8166 5127 8063 3346 7944 6112 4315 1253 4446 1792 7503 9300 4749 5220 4177 1537 4780 2319 122 3749 9684 6592 6548 2694 4877 2088 8918 8070 7886
30 3883 4349 5245 8969 3373 7992 4221 565 5119 8877 6773 8345 9261 1249 5565 1927 6494 1640 8303 6381 4781 5722 7145 2363 1841 79 9349 5240 7774 7690
37 4172 4260 3209 6062 910 7752 3278 357 2166 8957 3783 184 8553 4193 2318 1310 3648 2068 3402 9839 7282 5306 1535 9209 2309 226 8868 8403 5626 2471 1019 4681 7121 731 451 7608 5269
29 7138 2163 1030 3533 7335 779 8937 5368 1238 8737 7393 8741 1725 5012 391 6225 3310 4090 2225 507 2208 9541 5785 7480 8203 7677 2123 1150 7049
29 9392 750 3827 2351 8568 8227 3149 8833 8936 3541 1194 5935 620 2931 715 5428 406 729 3801 3616 5174 2118 1008 2503 1017 547 9293 3876 7207
27 6933 8246 5966 5534 8726 1373 1882 4562 5407 3494 5352 3730 9 1504 6350 8116 5034 4709 9146 7287 7717 9900 3355 8792 6498 4690 694
27 3016 5030 314 854 1776 1042 473 3300 1797 5175 1870 9091 5731 9046 6417 9783 9638 6801 4848 6141 7647 9710 4841 4552 7839 7533 4171
29 6507 5388 552 3385 2003 2304 3009 4156 6731 760 7317 9737 1630 9434 2939 7898 247 1563 8869 3445 6803 6126 7445 3848 9934 7050 5789 5915 1154
28 5832 6319 9591 8870 1614 2395 9494 6389 2281 8668 7345 1934 3944 5477 1114 5741 9981 3714 4686 1355 5088 4403 6139 4105 6356 4897 7270 4789
31 2223 5233 8590 2557 2815 3347 489 164 8518 2832 2947 5366 5350 8159 4869 9750 9464 8362 6111 14 2200 2026 8230 7956 4013 7140 1237 5729 8360 7756 973
35 8141 2563 7175 5952 1407 5516 9669 1178 5229 9504 2129 9939 8493 7906 8931 3926 4423 6483 3370 2727 3895 302 3371 1286 9230 7530 3561 8789 8160 828 6577 1705 4592 6974 7315
28 5260 5703 1035 4122 6655 9811 4476 15 5744 1243 3780 5474 5601 9964 2685 6114 4918 4776 9830 8425 5060 2598 7497 7905 6293 6660 9444 2157
31 9106 6257 7186 9366 667 879 8178 2435 2538 991 7925 2948 5890 9736 580 234 7564 6492 3231 4609 3248 2490 7085 2074 5319 149 8567 8695 7968 2814 4625
28 3117 2607 4989 3258 4503 9790 5525 8423 3724 465 1683 9247 9466 1406 2671 6175 7750 8429 4330 4849 1687 7734 2721 8061 2385 1369 5178 6202
31 691 7205 5334 6664 1983 2396 9382 8445 1229 6244 7468 6800 9497 4294 3061 1830 5114 3657 2972 538 6863 6870 8069 3294 1974 2796 6339 621 3457 7817 5851
28 2849 4634 1752 1691 1066 3177 5990 1131 4472 4413 7847 9502 5442 133 2551 278 4525 5419 6734 3052 129 9176 7967 735 7453 1812 4827 4875
31 681 3240 2864 2263 4123 7974 1004 6902 6747 4044 1370 5314 8008 1371 9389 2010 1736 5825 6110 9144 8212 8252 9819 9572 4666 8516 497 3956 8132 6038 8479
28 6096 957 3076 4773 7219 3295 5940 4858 1603 8318 5405 2900 1223 9673 5971 180 9929 5267 4253 3509 3022 6289 4407 5536 1079 2594 2267 447
28 6781 8545 5583 3560 6459 6504 1165 679 4589 8655 4822 7811 7009 9769 8355 5648 5688 1741 6349 7971 3862 6541 808 6086 1010 587 1738 419
27 2038 7047 9740 188 5310 229 4677 3625 3785 6412 5083 2977 9207 4277 7758 4106 7510 8056 7083 7255 7465 9335 3112 8749 2915 4832 5227
30 5604 7639 4088 4279 7798 4126 7180 1342 8328 252 2061 7955 3273 8509 6450 5775 2798 5464 9779 5061 9028 1814 3726 9198 2434 197 8708 3734 5029 8636
28 6570 9246 7006 5889 5938 8464 4249 1575 9540 8506 9853 8689 3982 228 6471 7265 9507 5643 3204 4404 6875 4216 3793 6089 7551 6028 8096 1445
32 6130 1568 2090 3772 1976 4152 8954 908 939 5739 2624 3144 3608 9187 4743 844 2251 3897 7994 8199 976 6949 176 2458 3309 9686 3943 4840 4913 8225 825 6627
32 6812 2583 8073 3383 3172 6275 5654 220 7369 22 7709 1092 8562 8448 2842 2790 7739 7102 1173 595 5672 355 4939 2669 7461 4450 251 6012 8228 3074 2134 7063
36 327 2830 3665 8125 7475 4169 4769 2570 5574 6379 2154 4566 4158 3506 2986 9906 3241 3317 6060 7948 998 1439 8461 7447 9801 7599 6109 5339 7658 5101 3661 796 6513 8774 870 9799
30 701 1060 3503 9039 309 3741 8256 739 3364 4921 3670 8832 428 3747 3389 8713 8867 3805 6946 2299 7783 2361 364 3861 1108 2667 5110 1486 7424 3227
30 1826 9443 6214 5653 4 5724 5499 4621 1433 3912 5900 7419 6705 1163 8352 345 628 274 8720 6900 3097 9722 614 6040 6408 6533 205 2444 9829 7492
30 333 8546 1143 3856 6250 4718 2710 2637 2536 437 7784 4178 2651 55 2724 2817 1453 1496 6712 3776 2460 1970 2277 5364 6840 9948 2264 8272 6561 3143
33 5634 1271 665 7323 9640 504 208 3830 2001 4520 1837 9087 741 5828 5854 2014 4829 7018 3639 1 2174 2723 6536 9605 9433 3163 9032 3649 4517 574 4354 9995 8392
29 8854 862 9957 1956 8977 6756 3417 4587 6738 9781 1360 6590 5818 3147 1936 2741 1050 9174 3245 2192 5194 2831 7169 4783 3687 3014 7553 9650 85
28 7674 3632 3656 5181 6500 1904 420 4504 2389 4074 8630 8190 8087 6009 4070 7208 7646 4022 8676 4971 6517 9789 9637 818 1626 378 5667 845
23 8980 9166 8170 5207 6844 4323 9795 6328 4272 2184 225 5006 1832 2663 608 3788 6081 3526 4342 6317 8043 2067 411
27 9581 9445 4066 5237 8906 3623 3537 7361 5312 8642 6364 5162 1145 1667 3073 3869 5236 7093 967 6372 4816 6986 8823 5747 5054 1551 6835
29 5835 1415 1312 2512 1863 338 1562 4096 6727 9989 3556 2322 5293 7336 1023 6291 4148 633 7129 8186 7624 2180 2102 5085 7714 6784 4590 5551 6632
32 1711 8983 7985 6292 1160 7405 5570 1477 2009 300 8686 3390 6892 604 9040 7210 1190 5708 6020 1164 7160 1077 3691 5452 1129 6619 737 467 6755 764 5392 470
27 9145 8184 8339 1768 7230 4034 3332 6676 1354 4204 4990 258 9216 1188 1452 9483 4453 3432 9518 1075 2455 2579 7354 5466 7856 9015 4539
29 7833 4494 5886 4535 7976 2301 2774 1944 5406 2039 550 7815 3548 1723 933 7237 4332 2387 4610 478 3569 1394 4563 1586 4884 2567 4352 7555 6413
26 3425 9248 7496 9304 7151 2701 6868 9407 9762 3212 1233 7355 6882 3063 8295 8336 6939 9516 9663 8102 8104 1857 455 6169 7966 6898
30 9832 1833 7794 5944 7011 3811 9907 682 703 3326 6470 9658 360 8222 5840 8560 4800 241 6958 2473 9432 4508 6243 3990 9101 5996 3930 1396 3663 950
30 586 7545 2698 3991 7421 487 6620 5117 2468 3644 9622 8460 87 7268 38 6719 7682 7344 9923 1383 955 100 483 1476 3591 1031 7524 7119 6573 8037
27 5455 8607 5467 3765 2876 873 8176 9315 8646 2919 9526 8859 1003 8722 5767 9757 3890 840 591 3738 3597 8951 1506 948 4981 2530 283
33 3440 5673 5383 6425 1491 5612 1441 2138 1322 1174 6572 5704 5189 7257 9116 5411 9068 7919 2666 9729 8942 398 9920 776 6831 1155 7687 9170 634 7246 4707 4111 2288
28 7320 3832 8654 1822 3582 2912 9394 7931 257 8055 5791 7321 2342 9810 6079 6760 3089 5893 1663 7902 113 7972 1449 4973 624 8187 2561 9914
26 9351 9446 4944 3987 1756 5333 5351 6752 2027 7876 4892 2235 8109 2424 611 8982 2945 7563 3263 1078 7204 7306 9065 5261 6029 7559
29 1785 1942 2365 1772 1429 7980 2247 3176 6357 9012 1919 8855 5093 8338 6696 1122 4814 5081 3822 8525 7786 9114 6679 2597 5459 2275 2776 4793 2103
28 3660 1204 4949 182 8120 2768 6452 7201 1440 9660 7693 4638 8878 6098 7308 1721 984 2283 7778 5001 3473 495 1110 2214 1655 6266 9296 1289
27 2772 280 5503 7394 1745 6073 5883 9395 1127 1219 5311 529 7150 9763 5479 2695 7218 4738 524 1116 8612 1153 8243 8197 6052 4461 4821
36 2440 2765 8383 2855 2693 7351 4655 740 5759 8292 74 6675 3166 7950 6252 1262 1147 1103 7763 3512 5642 3574 2568 2690 9641 4837 7070 7067 3497 8287 7583 8077 1678 4871 7688 1648
24 6340 4671 5324 5031 1758 4730 926 5502 4243 1034 1661 9453 2872 645 3327 9911 4333 9682 2160 1957 9542 2189 6235 7502
31 7782 8504 6687 8850 2430 5680 6520 9121 6393 4630 5074 7415 168 7387 9135 4213 6072 7779 1047 6877 1338 9693 8098 2932 5089 4624 5985 2093 5678 8640 8395
30 4182 9336 6151 9699 6445 6681 6304 8264 7390 3388 7190 4857 5420 7990 4551 1358 2466 1781 842 4826 6140 7716 6825 8739 4366 344 9778 617 1484 2217
27 7277 2086 6093 1139 8841 1890 8751 6554 2745 5457 9451 7597 5603 1889 8691 1962 8550 3971 5131 853 7034 5250 37 509 4237 6947 6173
33 8044 6720 336 1909 906 1923 8968 425 6268 9173 5834 2743 805 7491 1457 9312 8242 2043 325 3252 9644 454 7446 8405 5824 2199 5615 8554 8994 8559 9767 7996 2254
29 9141 8468 9441 3316 7890 9590 6395 9990 1083 546 5080 3963 6714 4847 7495 8457 5715 9859 4409 7602 2046 4271 7991 2706 5513 8768 6088 7641 6207
27 3155 9992 3051 3844 1554 1985 8933 5010 1679 3254 2891 359 3849 125 5299 7888 1117 2321 7632 5444 4663 8600 8929 2393 8895 5621 63
28 493 4246 4239 8547 3866 8439 2873 3033 9172 8911 9317 8144 8769 1459 1829 8329 9323 386 8684 774 4102 897 5599 6828 8582 1323 1268 7652
29 8078 4236 4765 9933 4715 4408 7870 5857 3465 6276 3774 2260 6310 2092 3812 5581 8787 2757 8702 1743 9088 797 2529 7440 8018 120 8583 8265 9481
30 8858 6543 8134 8625 4186 294 738 5916 743 4079 5647 6976 9618 6192 9800 3692 4727 5037 6739 9401 7098 1984 8785 9715 5358 3559 1378 9904 2957 9873
31 5588 3452 405 7946 4757 5263 6123 185 2207 6037 2522 7334 2124 8938 7005 2761 2204 1068 7514 414 7879 7634 5625 728 6101 6899 1728 1119 5618 1954 1793
28 1408 9117 5740 874 1560 9825 8569 93 6550 8123 7409 7776 7939 9651 1530 6438 3576 8707 4470 2271 7550 6662 1669 661 5629 4197 7123 9418
28 3873 1062 6578 2793 6363 6283 3118 1282 4828 1326 4388 7407 2502 1988 2944 5519 4656 1240 3690 4208 8427 5589 4108 2618 6415 6637 7885 4329
31 9601 4433 4091 9984 9454 2024 2346 320 9182 4931 6847 5856 881 2020 1044 3382 3514 9547 1887 255 3880 5977 5271 9649 2619 6478 3015 2881 8412 5065 4275
28 3216 9791 5476 1220 1521 674 356 7097 4021 9372 9739 1144 213 2151 1876 8757 6695 244 1582 8064 3206 4283 8852 5657 889 4615 4998 7854
26 3491 7297 3775 8492 8829 1913 3114 9238 4145 5843 7291 1435 1935 6129 623 4700 1341 2173 8703 401 242 5719 9112 2099 5418 2719
27 2098 4662 5195 6155 1049 9096 7375 7777 6874 4289 1688 6674 4179 8925 3753 7924 2714 440 6549 154 155 3689 8922 485 9828 4540 3375
28 4904 9826 5069 5461 7519 3755 4903 6409 6331 8067 5963 71 1056 2800 99 6521 1195 444 4763 1757 3933 9318 2203 3710 2716 9383 4963 2623
30 7851 1359 9037 1700 8950 3266 8266 1093 9665 3803 5969 1671 2646 3262 8573 2887 7300 4919 1905 7431 8031 407 3820 3378 4554 1775 9508 7094 6932 4345
26 2600 846 736 7650 2013 2126 1689 5670 2961 4500 4040 1908 5198 522 6837 9674 3638 9341 1827 7252 8788 2866 3796 2031 6390 3634
27 7080 1846 551 7384 5483 7144 5303 3086 363 9593 8437 1650 539 6418 9355 4509 7762 9226 9245 8065 7754 7595 1227 9423 951 3633 233
29 3592 6683 6623 3679 7084 8575 690 7356 9949 7462 313 4136 4430 1483 8675 6048 6075 2740 6617 1346 8643 3178 136 2729 2454 581 321 936 1766
23 1579 6770 9042 9754 5 174 9289 1309 1618 1085 6945 3477 2508 5541 4752 8300 5087 4029 5025 7048 6506 2467 6730
28 4523 7613 3720 8440 1805 8586 4909 2135 768 2096 36 8322 8602 1402 2416 6484 7171 3287 3960 7479 2073 7954 6771 6751 253 2749 2493 1911
30 4115 9868 9584 9646 2526 2664 7406 6547 2403 4792 7131 5290 5993 7831 6998 4033 5614 3419 5853 1987 7594 2443 1912 4150 2927 1981 4600 8589 212 531
29 4119 596 6890 4710 9489 6710 2613 1307 753 9677 5497 1102 4371 7702 6895 6380 5594 7546 2216 8107 1510 162 3498 3510 1800 12 3962 7399 124
35 9180 7855 352 7397 850 2239 9752 4082 4975 4089 4190 4306 7071 6287 9809 2877 924 8814 1416 6607 3740 3319 756 8016 3428 4142 8570 8998 5792 6489 3066 8779 9099 4516 5193
30 3831 4980 612 5149 191 3746 3442 4795 4205 1759 4031 2083 2011 1724 4657 8861 3685 9299 9598 5252 4372 8380 9319 2476 2964 4811 491 4714 2634 6051
25 3766 476 2916 8884 6766 2531 7338 5434 4281 4914 5691 5664 5962 8578 1613 4812 8113 3564 3572 5243 1583 235 940 8317 8887
28 7643 8128 2785 7552 6262 6205 3341 8680 9220 6708 6609 2643 7620 3807 1458 4839 5394 2886 6589 6937 2162 3842 2627 3816 3404 2985 6264 647
25 8544 5837 446 6351 1283 33 2771 2892 2243 2426 2935 5847 4180 1968 7656 5982 5212 8930 9840 9536 6631 3800 4224 5317 8805
28 4967 1925 8447 7569 9743 6092 1380 2137 7087 6105 964 2499 3069 4163 9979 8665 1744 8761 9292 1906 6343 4475 1356 7254 8557 6659 2311 1991
28 1813 5756 6888 968 7721 2918 6652 9314 3508 4818 8455 8639 8135 2869 4125 716 7350 4987 9965 3809 4744 3133 9539 9523 2962 9962 7214 3913
28 2586 1125 4057 2813 6635 3259 629 4969 9240 9153 1825 1972 7696 947 4109 8975 9567 5335 8524 28 945 8202 8084 6447 9927 5736 4866 9982
30 3709 6347 5153 2930 9980 8831 8572 6538 6277 8466 4844 2946 6368 866 6698 3213 3359 1213 5750 4285 9377 4463 2991 6327 9613 6823 2291 3872 9607 4678
31 1999 1387 4303 1365 6699 9559 2747 2746 6794 3001 794 6160 925 8122 7400 4985 4368 6611 6119 7353 3852 1480 8800 6219 8229 7933 9221 4646 6360 3024 3555
26 9861 7015 5855 9899 9258 221 7891 2477 8458 9818 7267 2404 1409 8276 7437 9626 2650 4159 2461 3655 8433 9788 5948 3305 4063 4184
31 3922 3482 9522 8549 7728 7259 7065 8377 1259 9919 6862 8755 8106 1321 1507 7088 8759 7813 4991 1844 3900 2486 3538 9972 1328 4459 3406 1550 9358 7194 4364
31 7245 1364 8952 540 4393 6167 3905 987 1852 6210 4223 2262 5579 3393 713 2256 5287 4557 500 1006 5283 2621 8449 4908 8845 127 5526 7174 4256 9782 7908
27 577 5939 9913 5185 9268 4250 930 4465 8154 3078 2913 8332 9902 7310 4838 4868 4861 488 3087 7987 8112 8803 7166 8928 4708 6480 4964
32 3516 7235 6959 1140 276 2384 8234 5313 4302 606 9975 1707 2415 4641 7328 5395 8989 6878 32 1413 8168 6977 7365 8156 6307 7686 7263 2612 3614 3607 9388 8964
31 7136 8653 553 5213 288 3518 571 4005 9229 7605 2289 5781 8350 4667 6010 7104 1142 4027 2307 7578 6394 5676 5620 6080 4267 1443 714 4228 9064 4585 6279
30 4114 2550 1196 544 2305 3350 2841 7430 7488 9571 1306 980 1132 7330 2513 1215 778 7701 5994 1094 3437 5205 1901 8467 4505 4039 9759 8893 2968 2406
31 8786 8386 417 6970 6983 3536 9549 8865 8488 6562 8541 4262 4591 4456 5259 1873 9595 6953 1033 4143 6777 6373 6886 5381 2491 1287 7617 9535 9971 224 8629
30 6613 436 548 4099 8049 2569 6309 2679 689 6531 9983 8721 1914 9796 2130 4043 7189 3718 4886 3751 6525 4675 3200 4468 6053 4042 5805 5859 4339 8898
31 6042 7179 8523 144 5247 7367 3164 8594 9943 4385 6344 4533 2004 3368 9877 4819 4496 7079 8495 6314 3736 1534 9063 2884 1279 3760 4680 6952 6061 9192 7911
27 7653 4447 3361 2152 3005 9073 9773 3019 4377 6535 1301 6191 3834 109 2984 3028 7212 9066 3125 5920 7826 579 7017 4484 9805 5844 6055
29 6885 9688 6294 1036 8193 4887 2359 6267 8649 4799 6666 1218 1419 8813 7025 8149 557 7893 7673 5554 2362 5203 269 4485 3994 6569 1975 7837 8618
31 8424 7511 8740 7173 5632 2479 2352 2622 9183 177 2161 7580 4684 6999 709 4161 9716 1088 2492 5078 7940 5341 2197 3369 4061 2523 6776 4962 4978 7577 6787
36 3875 1539 3128 1067 5151 4933 53 319 9565 3182 5253 2955 1189 4440 239 9160 7588 7882 7271 4645 9726 9749 8331 8662 2880 29 5184 809 6688 7770 6783 4346 2969 6587 6865 3006
24 526 8205 8566 5182 971 9648 8793 3777 3362 3434 9311 914 3961 2224 7585 8041 6604 672 3969 5888 6926 1375 8110 578
28 9413 8394 8971 3322 4529 4144 785 1258 8262 1304 878 2928 909 3003 3446 6629 830 6689 1087 6107 7444 9631 9657 1995 9912 3668 9918 6014
32 1808 6671 6245 26 3932 7295 1644 4053 5188 2242 4950 6472 3110 2412 7712 3889 8871 5214 6362 4756 8319 8396 4806 6468 1232 441 5521 7713 9863 1820 5257 7471
34 5014 7793 3460 5298 1787 2409 5176 1519 1242 9889 1011 9952 7188 9833 6174 4011 5540 7515 7803 1013 2899 6759 9237 658 890 8430 9306 752 7289 1576 5882 448 3970 7899
29 1717 9157 5241 5751 5968 6278 5051 2762 8251 7680 5322 5327 8611 2534 9344 7013 903 381 4534 657 6297 9834 1072 4155 7746 9774 9723 6955 5320
26 9168 2297 9417 1113 8872 2906 8368 3299 4579 8284 7443 4992 5894 7346 3211 7217 1523 9316 3140 3750 2374 5776 399 6798 8298 1212
29 3249 4392 7380 9492 2051 6822 6866 6312 4889 7455 7484 7068 8659 865 3303 6143 7258 2032 3250 3535 4118 3737 6896 3725 316 7520 859 2041 9109
27 8220 8183 4259 5721 3781 2353 678 8711 3335 7489 1120 5412 8189 403 4713 8254 112 7737 8519 5186 7283 9137 6116 932 7518 556 2620
33 9049 3025 1512 5595 9797 8701 9356 513 9415 7142 3234 5055 5584 4823 3124 5367 2428 9666 887 4202 9676 8138 46 8059 4000 876 2072 4008 2478 9080 5845 9968 3504
28 3387 4878 5895 462 5086 970 9055 2136 3430 670 5384 8245 7377 3360 9455 5270 4843 2246 3337 727 5735 2190 7052 8846 8501 6830 3529 4576
30 9159 2766 1468 7439 2599 7279 9777 5850 5223 1657 5887 230 3228 3721 8446 2082 4420 8490 6432 5493 7141 9162 3357 8344 2405 6833 1263 3345 5666 2436
33 4078 4805 4807 5545 6117 2914 238 6427 3858 4953 4003 7942 3055 7247 6156 4373 8972 9103 905 9083 9125 3017 1514 7452 3447 856 5849 9438 3645 5481 4254 2804 7010
29 295 7574 4507 1860 9384 4001 8756 1917 975 2680 5159 4679 8153 5913 3568 4288 5804 3799 5199 6400 6736 1696 1989 3995 3450 6008 1255 6843 98
27 42 6265 5537 9130 5066 5360 3836 2642 2950 4938 5975 7032 1754 2382 4147 8384 9367 2739 8614 2684 6957 2958 2655 8363 4695 4014 9307
33 175 9136 7918 5209 7969 4311 4009 589 8012 4478 9457 7078 1883 4293 8558 6780 5833 5067 7307 4522 3046 8054 7095 3032 6636 4038 5091 9766 6901 7008 2075 946 3436
28 6423 2496 1556 3268 8006 1888 5861 5906 4028 4002 3011 2759 5718 1866 6565 6924 9140 583 8269 3732 7325 5871 4225 4426 6324 8916 5365 6301
29 8995 6796 34 5387 3845 4567 9537 3949 8111 5523 6318 2539 6298 7077 7146 3650 1632 2029 1201 8809 9364 9348 8088 1716 6818 1071 9071 6680 697
34 207 6765 9612 8046 6411 5587 8620 1149 9436 3565 5035 9862 6460 9057 259 339 8378 9252 6451 3814 8491 1426 5094 3966 6108 1362 9167 4510 6943 7542 6068 2371 362 9600
28 4935 6600 4957 3323 8277 3667 2908 7163 3320 84 2044 9792 3983 3525 618 2910 912 7041 9614 5469 2172 767 5922 1479 6920 3959 9987 6810
30 9014 7222 9131 3557 6348 5901 134 8645 3802 615 1557 5106 3284 8066 1771 3137 5622 7836 2364 7143 5150 3255 707 2575 6355 2883 9878 6745 8062 2783
23 7418 94 5941 7724 6767 466 7988 4017 8330 7195 7340 9824 6439 3596 4499 9009 5004 7113 9813 5232 8637 6189 869
30 2851 5326 7606 2874 3150 9678 5522 3804 2591 5556 9425 9420 8907 4425 989 5716 3400 7231 8608 4464 7818 3154 6335 5515 1015 7978 4097 2587 9969 9895
30 102 9031 8903 3618 2573 1907 8500 1821 4856 1182 5282 8334 643 7053 9668 6758 705 5616 8825 2787 6458 9775 2588 2398 262 5549 5734 6371 5562 6804
28 78 2335 68 4716 4278 8375 6057 5875 1032 5879 886 9654 1796 3096 2326 6106 1495 3193 9701 9199 2816 9013 8632 8770 2054 2789 1136 2582
29 4768 5336 6928 2399 2140 7177 3238 8913 572 7278 6854 9491 4785 893 2325 5694 5909 5346 5373 8497 1351 6087 4269 622 3998 166 1946 3952 5453
24 7584 3171 1339 1175 4175 6566 435 8840 8042 472 2656 3819 6809 198 4112 2070 7963 1884 8580 3523 5575 4984 4380 5042
23 9888 4397 5532 9459 3455 393 3090 3203 1020 2355 2413 3674 6180 8023 7127 5641 9479 6579 6887 2422 5375 9802 7215
23 9435 8927 3914 2048 6995 2258 6703 5757 219 9126 2760 855 958 1848 8198 944 5328 2294 3493 6972 637 5410 2423
25 2209 3169 3260 4219 9076 6221 8274 6233 9689 9092 237 8278 4160 1052 9419 2592 5745 7565 217 8716 3424 3717 1916 6320 5208
30 1574 9850 5475 9755 421 1740 8791 150 8993 5763 9973 9812 6813 4132 9279 1963 6321 8773 4056 3976 9656 7250 2421 3586 3841 7125 2718 3092 7938 9431
30 306 2847 1712 4006 5456 5144 1854 4745 7111 1676 2725 5689 1244 7549 4448 3941 4902 8029 4010 1252 2696 9746 5165 4073 8888 8535 2712 3522 7066 849
28 4189 4390 1205 8699 8162 171 8293 9406 6473 2960 7536 5347 6206 7792 4617 2970 1819 6302 6050 763 7506 1388 5225 1305 2501 5926 3719 3530
33 8946 6001 1330 1505 9263 397 9184 468 4241 1694 4728 2705 2080 568 8762 1171 8688 131 3047 211 3329 3031 8692 4245 1966 8905 9661 3352 5870 3274 6161 8514 5723
25 934 9589 7309 2752 4817 4231 5168 7651 3330 2276 9845 2056 6208 7238 4955 4704 4498 4854 5995 8763 9181 4411 7741 4502 9860
33 7426 90 994 8543 4808 4966 7436 4076 7561 9531 7038 2595 8944 1074 9815 2897 3415 2324 1858 1656 1823 1379 3093 7862 4121 8606 5864 2571 7900 3138 8945 7187 4188
23 9189 2442 3612 6242 7842 9961 4116 5760 9835 3986 9218 3771 6006 9325 505 4359 4154 8531 3084 1474 3840 5216 6598
24 1141 7781 4701 7481 7957 590 4692 5090 576 161 1172 7001 5427 3786 6861 7476 1332 7548 8030 5686 3988 3030 3901 5107
25 3042 4543 3312 817 1631 4597 243 1028 2509 384 6693 781 1853 3495 6365 4946 8259 6070 5872 5702 2170 836 8879 1690 2451
25 6229 1896 1670 3519 4151 2106 530 5822 6697 1292 7532 5732 66 5378 248 370 9875 4233 1018 4907 77 2572 5543 1327 9212
33 4466 1893 8415 4660 1148 9322 81 3103 800 8638 4588 5509 4945 2122 3134 5782 6433 6594 4059 3085 9706 9532 2764 1331 7600 9620 4746 7280 3421 5779 6142 5991 5921
29 4052 6729 457 9787 8282 6005 456 3821 3037 7374 5904 4153 7771 2076 3488 6272 7859 7200 1469 3927 8082 5636 5602 4173 9865 1958 9001 5774 3334
33 1048 9460 7894 3367 2201 1257 5433 8365 5911 4229 2055 3490 6665 3220 5652 9999 2379 7425 3414 1992 4220 5814 9503 5445 1997 5402 6503 9030 3474 4135 4685 2367 9784
32 2805 2713 1437 1842 3950 2343 4104 4722 9186 9231 5045 8260 3392 5830 9694 4471 1713 379 2231 2270 9026 4198 8508 1086 9977 6534 7604 3547 3779 3057 8743 6135
29 3423 8835 9104 7638 40 5460 9937 4694 6686 9461 380 9733 5490 6893 123 6811 2982 3180 4378 2113 7582 5264 5649 5009 5173 103 8011 282 4977
27 6950 8406 8657 7329 4442 6313 1639 3604 3336 8808 7830 6763 5450 2527 9596 5692 3916 1234 6852 9652 7486 1790 7517 4954 1638 2494 6491
29 5919 9887 3119 281 4937 8327 3405 9721 5323 3558 6186 4264 1526 6552 8604 8015 5027 669 2888 6963 4604 1159 7469 6858 2862 8060 1211 2661 6090
29 1572 7494 5564 4046 6912 8257 6979 1193 3813 3407 7589 2903 7233 802 7829 17 6789 246 3843 118 5140 8742 3239 6136 6532 6397 6650 5988 2507
29 3153 9236 3762 9397 2633 7679 6369 3340 5983 916 8115 189 157 8732 3343 9471 5458 5858 6805 6391 9225 3712 9576 4138 3583 2911 4674 7540 2084
23 6392 7984 2469 3122 9546 2489 594 9793 2188 1490 1135 700 6884 9266 7780 7945 8635 2392 2778 2731 5471 8167 722
32 4960 6980 2332 4481 6961 6150 4739 610 6522 1098 4559 199 7672 6954 9844 8650 5786 5295 803 2521 5468 8795 6568 2002 4912 4790 8802 4416 8750 6883 1739 6596
25 8097 3505 5528 896 1597 1267 5058 1525 1082 1329 5124 1948 9010 7075 4328 2485 5816 2662 5607 1447 6059 47 3906 5002 4594
26 9371 3899 3139 1996 4137 5390 720 1248 8325 7645 8538 7242 918 8883 9024 6545 7834 7333 9265 3053 4721 3909 8731 1313 3829 5486
25 1769 6668 766 6857 2459 1855 7845 8108 7286 2337 1007 4019 3314 3923 3806 3108 8529 2975 923 201 5710 2437 5728 5813 2901
24 152 9635 130 8072 343 8022 8700 7743 9976 6456 9158 1314 5505 9587 5389 9521 1296 8382 3542 8685 4584 1798 7804 4767
28 660 2000 1080 8093 1541 5084 7024 4652 8499 5770 3121 1176 7509 6228 9122 8860 5154 6678 2997 2676 6641 3739 5571 1815 677 6149 5473 2894
30 6808 8472 5529 502 1675 1278 8074 4867 5126 6299 9554 6385 4489 7873 8821 863 210 6462 4232 3891 4924 8705 1922 1501 3699 2926 5711 7223 6722 2879
23 4071 9202 6889 6237 4636 2218 9485 1802 8258 67 412 8597 1606 4085 1910 2750 6774 2115 4026 1615 2441 3957 4037
26 6424 3181 3575 9702 7482 8250 1055 1750 3170 5439 373 3286 2825 1261 6426 999 8217 755 3621 1940 8729 6917 5812 7843 1315 2565
25 5057 9200 7331 8890 5726 35 5302 8588 9771 7935 3563 3246 1308 9421 8999 5899 7357 6984 4626 963 5765 4381 1601 3758 6732
24 1587 7704 8026 2205 7020 6815 7149 7748 5749 4774 1709 3543 7962 318 5631 6527 8452 3338 9486 8736 6654 5712 3422 4901
25 5046 5197 9930 8261 4629 2519 4486 4444 3742 6856 3127 6429 1885 2753 5248 8133 8304 8767 4427 2824 4490 3214 9285 6435 8715
29 8849 7720 5049 2649 2252 6657 7327 6212 871 2629 532 644 7157 1352 8601 5943 9560 5487 471 8921 2641 3577 8647 2732 6222 1115 1801 2431 8909
28 9111 9820 7358 7458 6102 7607 5784 1810 5100 1431 8191 7213 2495 7740 680 639 6540 5880 2988 8048 3270 708 11 8556 2938 5215 4940 2611
31 13 7030 1040 1520 780 1674 9380 1549 9203 3908 9529 9051 9249 7846 1029 6741 4424 7378 9077 5340 8291 1955 2127 6903 3135 1347 4291 7089 9645 711 7417
30 6197 4994 9227 3462 1462 941 4117 8641 5838 1849 7727 6707 2548 5852 7459 710 4761 2837 5730 2484 2941 4731 151 7736 5019 7490 3946 5698 9768 5707
26 4764 5511 4415 4227 8790 7392 8723 358 4898 2943 3174 9185 9359 9430 2278 8210 4133 4439 165 8738 8302 6782 2357 7841 9838 5517
29 7937 4238 7699 3283 4355 9909 6615 8812 6860 5951 1045 5701 9222 6406 3894 917 2821 3068 8420 7943 3965 7434 1529 8902 8672 6916 5685 966 900
29 9714 3551 9506 7864 6973 5520 9856 5138 2744 7240 8182 9634 6820 2033 9217 8124 6692 3939 9021 1502 2974 1475 351 8533 7107 3308 1851 6625 7326
31 4974 6482 6790 6658 9892 9986 1692 1444 3795 1621 9931 4434 9794 9513 3325 5980 5463 2639 5362 1090 7137 9210 9950 7868 8515 7477 7788 3653 3106 3188 7534
28 3590 9361 9606 1737 515 5435 6817 4524 135 4882 6510 6701 5191 4146 6223 2229 1720 5931 5139 6788 8086 5684 7139 6929 9463 3540 7722 2388
24 602 256 4976 2036 9599 2542 5222 5413 3191 3631 8956 2730 4737 2702 4911 7226 6477 8853 9450 3948 5548 7861 8819 8799
35 9321 9288 6595 6474 8273 2677 9898 106 6300 1081 3313 9067 2924 1585 6025 2811 8137 3646 8621 367 7221 6526 6336 9429 4491 1755 8359 2751 2094 1393 2828 7789 7470 6969 6422
28 4141 6497 8434 4802 9129 8766 8050 3040 9851 2132 3229 9029 1091 5727 2237 1571 8333 5841 4670 1945 5788 8521 5190 2025 6431 4688 3467 8753
28 7576 1021 170 3 721 6746 6274 734 70 54 9370 1418 7035 9326 3920 1391 4541 6775 2898 2366 7303 7498 826 5294 6203 9422 1540 6121
24 570 227 9592 1994 9235 6750 7275 4101 3435 6915 4779 1070 7700 354 9928 4879 6401 4537 9374 7730 1288 2213 3857 5273
27 962 1038 5942 9636 9874 8478 8687 974 6188 413 3035 2857 5048 8129 8310 9717 9509 3466 8021 7293 4741 4531 6153 9765 1533 1503 4347
27 7883 9685 5109 8584 1760 2687 4251 9267 2071 6989 1622 4127 954 7493 2108 4596 2453 4853 5047 9313 6560 2063 2257 860 8151 7260 6906
27 4065 328 6819 4455 3733 7952 9467 3513 3654 9281 5441 1838 7844 8990 4740 2839 3007 9239 272 3658 8163 372 754 7970 501 4881 9700
22 5465 1924 9735 7485 6551 7768 4396 7753 1747 8035 3723 64 1803 6894 9550 814 4936 1316 3328 3038 9555 7796
30 7633 3630 5668 6280 8564 3272 6286 6215 9006 4691 8213 3315 2720 3136 4851 4815 1336 9195 7685 6834 7391 520 5039 464 3859 7435 5489 6017 4915 9138
34 7662 9747 5077 5462 1197 5912 7960 2853 4577 2320 7610 1168 4873 6115 2882 8200 5187 904 5331 9671 6964 2023 6131 6913 9086 4651 6239 7074 6011 2211 2308 65 7806 7021
31 8099 1424 4060 6992 5129 9816 1412 2674 5512 6944 3683 9363 9545 8815 1128 4601 2967 30 2287 6170 613 7027 9294 9271 4569 1978 9978 843 7852 2528 6172
22 9488 8017 5112 1417 5448 1236 3429 51 8369 4383 4930 9390 214 3418 1710 2543 1202 7857 7616 8105 1596 819
31 4753 7529 8130 2147 375 1276 0 3185 2843 6630 4647 8652 5309 5200 8279 2060 4549 494 4648 2087 7821 7501 632 1518 9705 6041 8305 4058 8470 2659 8694
32 7914 1425 4766 4951 8592 5965 3044 5566 60 706 5542 6990 4282 8389 3487 3431 6354 7877 782 7363 5409 7622 303 179 6095 5902 6465 2953 8068 1634 1106 6216
20 8346 6936 215 9963 1300 3647 6606 6238 6908 758 1789 1265 4357 4863 1384 4362 1762 2516 4775 3748
33 7148 9951 108 3898 4553 6826 6099 9495 3195 5343 7765 7037 5192 7122 2647 3449 3271 7385 9264 5447 2447 6967 3973 7669 2438 7389 9193 7342 4995 5918 788 1928 1921
30 3363 1734 5997 9033 7147 8421 4030 5224 9133 2558 8214 7059 2833 6721 8095 86 8837 6965 8984 6193 2628 7311 3626 8542 9208 453 1184 6179 9770 6065
31 4322 2795 4170 8118 3410 1465 5860 7061 9994 409 7135 5059 2030 3603 8976 249 2617 361 4750 3728 6127 864 7269 5753 543 2638 427 3289 8548 9724 1778
25 7427 7031 2 6869 158 7572 1340 7915 9084 8025 8391 7706 76 3798 8796 1654 3790 9846 4203 5743 4772 9879 7521 6842 3159
28 4804 7343 6463 5226 9719 3267 5742 2179 525 4140 3515 2255 8616 4603 1063 5095 1376 9262 1625 3550 1334 2317 10 1714 5276 2400 6537 4644
26 5777 6778 7026 2339 2391 7878 4185 7304 4130 7802 39 2852 3377 2015 6078 8847 4842 6285 9639 8408 7376 121 1266 8953 953 7368
30 746 4166 2330 49 6864 7191 9484 792 4514 6437 8249 1427 3637 5291 8552 4578 2549 3409 2593 7292 7225 9566 723 9603 9623 6838 517 7726 9544 4659
29 4852 5771 8431 5669 7543 4314 1542 888 8441 2280 3850 1524 5024 1553 1719 6100 6530 299 4595 6333 6855 6420 296 2545 5359 9148 6442 5561 6148
28 654 4754 4458 8003 4622 2212 9708 8001 8783 9690 6849 1467 877 3054 9588 5242 4742 9102 1703 2089 5217 2553 4733 2626 1967 7926 6217 960
24 138 271 9804 5658 3610 6779 8036 5070 4032 2148 8435 5504 7033 8610 9409 5399 1591 4932 9569 5981 5016 7705 7002 8268
24 1965 6610 8934 291 6677 5683 8005 452 1126 1879 9002 6968 6628 992 6118 2240 7659 4209 695 9524 4798 8979 2895 1773
31 9543 2524 7744 2323 8992 7347 9753 6163 5183 9562 6454 5018 4986 4633 585 4883 6644 6146 7932 9465 4653 6035 6700 5663 9610 3910 2376 5538 6002 6332 7649
27 1577 9352 7603 3716 1998 4004 2788 8617 2808 2316 7288 6846 5485 8804 5038 807 7825 315 8923 2117 4176 880 7666 3045 192 3101 7165
31 8057 3878 1192 2640 404 3412 3917 1836 597 1708 2120 2699 2606 4417 7586 3102 2708 9405 6827 6054 5099 1569 1324 2159 3307 1183 25 9277 1022 3826 7272
25 9988 8851 6402 9219 2965 3318 7203 6007 4642 5278 6523 2547 1589 2878 1494 7556 5958 3276 7372 1463 4324 692 7090 7850 8816
31 2265 8781 8875 2769 3735 8237 5318 2295 5170 1735 7755 111 4929 2040 1742 4511 5072 6398 1664 7155 3056 4786 2196 317 142 1470 8712 3589 2016 5674 1635
25 1386 2418 1600 1264 6322 7016 7110 250 9880 6236 1226 1915 1319 6457 838 7909 8480 5111 3221 3706 6717 7930 3958 2059 6656
27 1109 810 9019 9123 8765 784 6816 7526 5639 6097 1460 1405 4081 1636 2193 9852 5806 7808 7964 5321 4968 3257 2498 8165 7004 2386 5885
28 2378 3701 5794 1325 3992 5945 6464 3243 7401 8089 3507 1320 8482 2546 5924 5884 9473 1101 9357 668 988 423 4620 3627 4255 4619 6496 5044
27 3123 7929 1051 4400 9241 216 4394 6162 7450 3606 1389 3584 5152 7130 5577 2111 7848 1471 631 5630 1357 1274 3688 4297 2907 561 6588
27 2672 4797 6461 3099 5949 6985 365 6359 311 6793 5142 3194 4835 9081 6182 376 693 7159 3043 9487 6558 3864 459 9034 5344 9615 5007
27 5500 3921 3707 919 2609 902 1207 9857 5611 9233 6873 5752 1221 2951 6726 2292 7628 875 8208 6383 9331 7619 566 172 1891 5361 3767
27 2417 3951 2049 675 9044 9808 3481 1986 6434 9118 9256 2372 4570 7273 5272 5799 6023 4528 2356 7895 7601 4287 1446 2829 4923 7747 6246
30 8709 2012 4717 2966 1016 7158 4015 9675 1602 323 3277 6651 7596 6941 751 95 8221 6466 6505 4972 3395 765 9849 7360 8940 9667 8660 4586 9827 7234
27 5062 7395 2005 3524 5308 7249 3225 5862 1121 9375 4047 8145 6948 7860 5820 2187 8196 1845 7547 206 298 3713 6490 31 340 2249 9741
23 1641 3579 1410 8530 8966 402 5878 9093 7816 8335 6601 3175 5268 6768 490 3394 7535 9108 8965 8241 4437 1727 1367
30 8551 5908 8503 7060 8615 62 9477 7054 4048 8876 8309 3058 8536 2019 4120 9232 981 9169 5013 8171 7433 7571 9938 458 8136 5300 6832 8484 3769 3517
27 4077 4067 2042 9836 6481 1344 6446 3904 9338 5802 8477 7761 5699 3839 1498 2540 5076 4094 4860 7314 3029 3469 5764 8981 6074 2936 7341
26 7324 3682 676 6211 5210 1487 2021 8398 5023 3794 584 9228 4343 5842 8028 3408 6058 3549 347 5145 1869 5795 9563 3218 2215 7264
27 4398 2604 7982 6032 9817 5005 9302 7880 3865 4665 907 2066 6486 2348 6204 3253 9758 6682 4778 6122 2865 9905 3111 4561 9916 6269 9837
27 666 8297 659 3954 8693 4309 7541 4432 8894 8857 3095 6375 9060 4414 2206 9624 5385 3222 3282 1381 4729 1900 9886 8522 8244 145 1627
28 3511 9940 6168 9190 3050 5052 3520 3711 7703 7243 3797 8892 9628 1303 673 8148 1598 9214 4164 7975 19 366 2978 8409 575 2850 202 1199
28 3815 6475 2228 4195 2058 8577 901 4997 9089 4515 4379 5761 6414 3067 4129 4310 1732 1652 508 1065 1699 3070 7799 2533 8596 3468 4418 3048
26 6603 8885 7232 1430 499 4880 1555 1290 9368 1069 7118 4098 965 3886 5567 4305 4389 9396 7827 2784 7019 240 5161 2807 6806 5255
28 2182 5171 3186 8679 6361 2917 3158 5568 1799 5332 8963 6772 1353 4845 635 3499 222 3293 2164 348 7507 8301 7451 312 8174 7810 3072 3403
27 4760 2954 1779 2350 5258 8697 1604 5446 5748 9274 3791 4497 1933 9996 1783 2219 6649 8973 6199 5563 8474 8169 9557 6704 3451 2556 8009
24 445 5555 8624 1250 3881 7379 6559 4292 5488 2645 4207 2889 5415 5986 725 6316 9608 8192 787 9143 882 7729 7568 3232
25 7828 2069 3333 6871 9416 3411 1368 685 5301 8511 7039 510 5230 4538 2564 5003 6120 3967 3624 3374 7100 396 4890 2810 3116
27 3236 9568 1152 4391 8418 8970 7117 927 3532 7305 3863 3146 683 3942 2981 4280 193 2131 5929 3189 1782 1112 3938 5907 7772 2956 2791
24 9282 7042 7416 9629 2057 8285 771 8532 619 4988 3356 3010 8780 2312 3261 6555 5866 4234 8157 9205 6702 7192 1270 1185
26 9925 9942 460 8820 4192 1612 899 2608 7513 5821 2909 1861 5289 1929 7298 2475 5393 8563 1335 9275 6467 3727 1404 4895 3580 1099
27 4473 1807 2715 9139 2775 8798 851 5315 8469 9883 9332 7072 6176 264 9011 5810 7285 8664 4462 8127 2261 7807 2779 852 1001 9932 6575
27 5798 5553 2860 9625 6643 5105 2511 8862 2780 8939 430 5947 7725 9893 6326 5773 4023 6043 8704 7198 6254 1454 4337 7791 5372 8180 4361
24 9215 89 837 3348 6230 9110 5292 4599 9008 9119 3004 9709 2754 9337 6529 786 3165 3996 6251 4762 1027 3868 6511 8311
27 6669 3201 3953 2767 2401 1138 3091 3486 8004 9339 5121 521 9072 9280 5600 2632 2979 9551 759 9711 4810 3219 9517 7478 5960 2809 1651
27 2993 915 2777 5675 5585 7022 6859 9272 848 1749 642 3695 153 8667 2488 8367 1084 4649 5623 9062 3823 9061 349 3729 9947 5591 1993
28 7995 8745 2085 2358 3479 5925 5396 3018 6015 6648 9780 2465 8864 1894 9570 263 5957 1684 4429 5979 6259 5437 8308 8323 2819 6921 696 4712
27 6845 5156 8053 555 190 6436 8904 5355 9970 9821 799 6063 8038 6147 9290 8414 2022 8839 8397 2210 6370 4979 9342 4682 9164 7697 3818
27 1472 4751 4217 9966 8714 4069 2794 4263 5397 59 4401 3456 8371 922 4340 1611 3615 9922 463 9171 1162 6799 8818 7411 9687 8744 9556
26 9155 7979 9967 1241 9242 7227 6978 8483 5297 5998 6137 1552 9681 2110 7961 8419 748 770 8179 1951 4961 2703 6673 8374 8216 6479
26 3256 9732 9520 2394 8526 2158 1693 8889 7370 2704 9617 9297 1156 4865 646 4894 5605 7170 114 2896 3196 8416 2670 2585 7907 6091
29 3145 3681 128 5349 9627 2221 7349 1932 3678 7472 7466 5766 5808 7124 3567 2245 2929 9901 5288 1438 9399 7228 7644 5809 6881 1522 7178 3386 2980
25 993 1014 2756 5416 5201 8828 8238 8147 2153 8605 9278 305 1272 7733 4162 5103 3761 5544 4449 1500 5408 6709 8574 9410 9958
30 9340 9695 3937 3919 6910 1239 1969 2375 5353 8235 2601 3989 9500 4906 4092 6829 3609 9616 1511 9998 4668 1570 1061 6907 6366 3354 5559 24 9403 8314
22 558 7611 9785 8910 1414 9499 5501 3454 92 5800 3401 8758 2420 9512 7749 9449 7220 3237 6358 9094 1235 1508
27 2452 6416 1421 5423 7176 5478 7467 7660 3675 1668 7983 5869 6993 1170 9552 6134 3824 5927 1748 7819 3023 6661 5582 8343 6305 7029 8683
27 671 5914 8717 9806 9772 5867 4395 6296 5382 2062 8507 4218 6591 8908 2697 7438 5640 1702 8 4211 9259 8451 894 6867 2380 4268 126
32 4661 2890 5898 9956 6922 3851 5228 3651 6744 4348 2274 7670 7875 2370 8426 7114 4365 1828 2419 6940 9426 2726 5754 5172 7224 4631 4196 7386 1361 6762 7371 6564
26 4616 2472 6030 304 4183 2298 9725 7046 9178 686 7056 6836 9876 6226 1403 4321 8459 6034 2347 7657 8633 2269 5231 6184 1653 2497
23 2636 3640 6493 9462 1784 1730 5976 6914 3955 9414 8475 52 9653 5123 1624 9843 8485 8527 6377 6094 9161 4791 3021
29 7822 6258 6000 5705 8239 3480 1897 8486 2552 3398 7091 3298 4212 6352 3199 1461 4080 9197 8960 8626 3296 6642 186 5342 9713 7738 9894 4643 3285
23 395 9408 593 1794 2232 5530 7209 3416 3094 3461 1456 8321 5651 6487 6064 4876 8091 1859 6911 442 1281 6311 3918
26 8407 477 3763 3380 9147 8746 7981 5425 9376 8215 1002 4344 6728 6544 388 285 4451 2827 2605 1497 6769 2976 8146 7106 7322 7775
29 9872 563 479 8052 6925 1260 132 4809 4134 383 4370 1643 1960 7404 2973 6757 5379 982 5484 4893 9156 829 6194 8126 6209 8032 5609 5050 5638
23 6190 7528 1659 7719 5596 2983 6690 8253 4168 4382 6539 6039 6195 772 4606 7 5961 1372 5316 4850 4571 8782 6157
28 2823 7689 3126 6125 8410 5401 6740 8760 4582 331 3065 895 2949 8996 8587 4299 7403 921 3358 4296 823 18 1337 7396 4384 4683 8696 6614
34 5552 1746 702 16 434 1961 4248 3205 9456 6764 3770 4831 8040 2100 310 4612 600 8185 8422 7172 7558 2462 7889 2181 1903 1850 3935 7092 3521 8772 5337 9476 7261 5021
30 1753 9224 9884 3036 4983 9936 5769 6256 5547 2373 2610 322 3464 664 8926 9659 1225 4191 2112 8161 3397 9578 1481 5155 8747 20 8487 2532 5823 3595
31 6638 5815 5400 5610 6128 1245 1895 2722 392 3280 2052 334 9287 4045 5122 815 8139 812 148 6019 6880 8209 5873 8510 88 2104 5398 990 7801 265 5644
28 8595 2244 6177 9761 7538 1839 1872 972 1564 4825 5438 9448 4862 4230 2658 6512 536 535 8496 9333 9680 7197 3141 6761 616 2942 7997 1177
31 2652 9891 3064 2236 6519 3528 7916 4483 83 5404 2520 143 4421 2692 9647 3433 4618 97 2688 4024 5992 9945 7977 4959 7923 806 4518 7764 6639 7655 2681
27 3233 2971 2578 3671 8991 1222 2797 8316 1980 868 9664 5063 4317 733 6850 1584 6443 6247 8881 5286 3081 8955 9633 8658 2349 8351 9346
23 3902 5206 2614 3722 3882 8150 2286 4687 4295 6386 2589 6345 4312 9283 2660 2259 1722 757 2109 7508 196 9452 3554
25 601 8400 5116 1217 8924 2310 5071 203 8623 292 8775 512 8370 4482 1073 3594 9017 3768 293 1930 6325 8024 8402 9697 1791
26 8315 5881 2145 9097 5863 3745 2525 8289 1545 5304 3020 9365 4813 9050 1977 2407 1291 7959 3964 4859 6848 7523 1543 8585 7805 9882
23 9742 9251 4050 1588 630 8914 110 560 8337 2675 7112 5356 8764 1763 7684 3792 5363 783 3426 3098 1943 8353 9343
27 9284 3324 1100 6284 7383 6485 662 8874 2175 3545 4544 1880 3705 2893 3853 1886 5733 4846 8340 8342 4265 1594 439 5586 6303 7965 7903
23 9211 3867 7575 5436 8834 5053 4900 4564 5118 831 4157 2006 56 5043 2580 5494 4920 8101 4036 6076 3601 937 6546
27 8090 8286 747 8949 6748 3680 4627 3297 9107 3887 1423 4124 7824 564 3502 5135 6706 2047 4301 6923 146 4993 8306 9642 3197 9100 7947
28 7609 422 6049 8263 4527 332 8047 7838 2314 6684 3034 4488 9387 4438 4406 7040 3012 9574 712 8985 651 486 9320 8830 1473 6133 9510 2149
30 1466 1186 7253 2555 9165 9223 7028 8000 1609 9885 1104 5249 178 6786 8599 2792 4261 7573 4711 8181 3223 2905 5560 1254 8002 2273 6524 7593 5877 2630
28 8724 8356 350 653 9115 4304 5167 7840 9362 6795 8917 5964 8801 4215 6026 169 9098 1224 1246 8379 1400 8361 7301 4367 3207 4353 9163 3708
24 5354 3306 2801 4350 9078 141 7745 9260 8943 6612 3974 7692 5104 2034 3109 5655 4441 6514 7562 1311 4927 2268 7319 8465
22 6891 4650 7707 4530 4550 4055 7284 545 223 6082 8886 48 6621 3602 7428 7211 885 2285 3527 3148 6647 582
25 5262 8471 952 7637 147 5506 107 1680 995 1206 5803 603 9609 1918 1931 9000 959 2934 9201 9881 1685 2885 4820 5432 6663
24 9858 4607 1558 4093 3439 9619 1317 8413 911 4748 8140 3978 5539 6396 7064 104 1343 7892 1527 640 2329 1464 371 9527
24 7735 4436 1608 73 5706 385 2470 7045 9548 4732 832 5202 3662 5628 8444 6270 3787 7274 8456 7128 7332 749 7654 9354
28 3611 8324 9751 8651 2429 4313 5376 261 9854 2867 8591 5848 5646 8288 2341 7248 4493 8900 3945 5421 1902 6909 8520 9698 2848 8986 5717 537
31 9890 1037 1053 4286 791 1547 7993 9760 7531 2397 9490 7290 5720 2114 3301 4492 8155 7410 4787 9016 260 5891 3002 1277 2360 892 4947 6271 6626 2007 75
23 9328 1024 408 2868 1302 4672 5277 7036 2390 8007 6742 9400 650 8233 3566 329 4075 6022 2514 9866 5953 4235 6405
23 1764 9095 813 6622 7598 2738 200 4888 6582 3321 1054 1840 6962 3184 9867 4928 9206 6342 3947 8648 641 2487 5681
26 8267 5244 1293 8494 4454 3156 4201 8899 8752 5972 449 8843 6124 9530 4719 9269 5892 6593 9953 4664 1834 415 2448 4274 8092 5470
25 5370 2195 2053 7751 484 9327 4095 2078 822 5905 2577 4546 9424 418 5755 6387 7262 1180 346 8622 9253 2904 3652 4526 6576
28 7901 8919 69 7579 6718 9027 8201 9745 9848 790 8734 9411 6904 9525 2045 7241 2861 4041 1107 7055 8777 2510 4412 9347 9748 9152 3472 1363
22 7256 5472 9515 7865 2644 6218 2689 8131 4941 7429 4410 6670 4054 1619 4445 6499 7711 4702 8776 4699 655 9577
27 8453 3339 3476 6410 6255 3703 8609 6295 8211 569 7108 6951 4477 6991 6403 9480 4513 433 8010 4593 1947 5569 1629 8891 3008 4635 7936
31 4801 7244 9428 4307 7316 2989 6084 2028 5592 6586 7423 4658 3981 4598 4669 3605 6807 1216 7832 5431 7057 2773 8748 5120 4705 1209 1881 3985 5970 9847 4300